59079
21054
58411
65177
1851
48091
55216
1151
18929
55085
23029
41088
64354
13837
2642
42096
47816
54315
49962
49825
15469
22727
13428
48606
22685
27100
12825
14184
55787
64255
9819
11025
40817
20193
39567
28944
60334
43549
3268
19613
44064
7147
48815
1123
18830
61112
62618
16482
6843
13074
20889
54859
60474
56137
60356
21507
38155
14840
5970
58875
12965
41339
13632
48796
11392
55881
28871
23462
24812
10958
57844
34801
2043
32943
4597
49691
44758
47543
8920
25965
49976
7760
38771
6062
9541
26751
54378
16274
6853
34129
20475
45385
23334
62330
5782
1217
9425
54555
54696
49299
56275
40043
16245
26748
25656
36669
515
44159
41446
7454
6807
12406
30874
23093
24355
20920
39657
36757
12728
47922
2925
11137
30567
44723
39286
59979
53012
32233
57150
36529
19606
30057
29861
12146
33979
20997
37809
877
52851
31481
21722
46636
18321
35951
50648
63646
24588
946
22357
1313
38894
867
45569
48940
23113
30799
49951
36340
50421
22961
24854
60164
403
10076
804
14710
4896
8318
47387
64862
37764
21516
31389
7329
29084
41709
32120
57185
59663
64009
4644
57015
30057
31072
26909
43192
43137
23534
3332
20740
33888
21525
4504
27047
10821
43134
20393
31022
30094
51041
12226
13481
615
49364
49475
55055
28559
17879
16272
28613
38939
28679
56311
65399
30926
57087
9772
35327
21473
13079
53310
48485
217
52106
45677
36272
46085
1542
55618
52108
42286
18969
22851
44181
1670
35207
33118
57389
38705
53756
33979
52975
40626
15007
40717
13731
21552
11155
10665
25344
7166
25616
50162
61997
54179
36902
7457
9904
48867
59279
45258
53702
60169
36188
53316
26948
55249
64252
8800
15654
27166
2751
44565
20313
4984
31782
62690
35121
23870
31187
21590
63374
50933
35807
11313
29299
63280
60350
17823
64164
26036
46940
59650
2163
57020
33173
32816
42474
64005
5413
46061
9455
65463
28338
39477
31550
53429
24858
53445
15192
35433
36531
41333
62984
34614
20807
32204
50461
32648
25355
425
20709
21275
5015
7084
53138
539
9792
8689
3067
43256
8857
15418
14485
44038
34108
16168
16402
24553
26083
32626
63273
19731
31056
17925
24325
3664
57551
63282
26037
53171
45003
5459
56861
41876
2197
33703
58280
31197
58959
40360
27487
12771
14608
15207
19603
25516
42298
51559
47856
29261
42390
31662
45851
51379
52169
62713
44554
52407
37314
44616
34362
52261
29664
1149
37173
38010
37914
11268
51141
25414
52618
53609
29604
47530
8937
58324
17186
23754
46238
49112
9741
26211
45493
38881
50080
59142
60712
51317
17213
56980
13363
37699
8691
35366
9592
10573
49482
32791
61848
46119
41121
18131
5875
15605
60978
61481
12712
34689
30601
27882
24854
44223
26411
23167
29425
64685
40633
51505
1088
20484
36368
9608
34811
59523
57661
64572
46121
36777
15519
42666
12144
10457
167
10209
37926
4722
63862
12412
31102
47719
14962
41962
20908
52161
48906
19533
37614
31884
53378
5620
64401
17365
30972
3962
23743
44911
20068
7064
26390
5552
47246
17521
36153
29289
9484
45398
28096
11303
50462
36425
62916
43469
57148
41956
53606
15576
6619
50527
61187
48231
41162
42186
7719
23799
38445
35428
56047
35399
56173
3707
29716
20789
8827
29877
8955
55233
9181
65362
48311
26421
20289
20491
5763
10408
55884
13853
29418
15438
32943
38072
37887
45361
59809
1564
52609
53901
36149
42260
30156
37642
14576
52132
53187
47673
20931
25044
20858
5765
35601
34257
31944
58195
41626
22108
14065
61683
28764
40170
11554
57273
11246
5458
49894
62083
40683
26726
53358
64524
18880
23807
1636
42821
32227
47800
46778
39526
39602
16966
31598
36903
61599
37976
22479
42883
5555
61500
31992
39429
30420
8859
28887
55284
46788
33194
32440
25136
34550
23137
47859
39029
27461
6408
36762
43251
41072
53679
28580
16774
49779
41648
34765
3077
62348
63136
51759
11218
2842
40031
41394
50164
42262
25958
46940
47128
62360
54346
9007
43240
41988
59953
61224
14991
30135
20806
11044
13398
49094
44857
50784
65279
54275
31973
44296
36483
11777
12864
8243
18447
45716
14200
8947
63461
63187
57426
2601
16760
57720
46420
33925
1993
52965
41354
46881
23071
17207
58325
40846
19153
48875
12843
49193
24654
22049
39925
1361
50468
38999
57686
52332
1925
19277
6012
24001
48493
40794
12574
898
13464
17040
62729
6196
65279
644
57053
63433
35364
14025
38554
7999
29375
45199
3562
2226
13440
25153
52537
27608
34722
56622
43566
38682
57780
26379
37874
4576
25831
3566
39726
51220
10026
21403
4952
42676
18781
55418
2944
64713
21520
45058
17938
45174
52307
37851
56276
38989
54442
7295
24149
8979
60941
7807
21493
9863
55312
44639
31550
52813
1745
33557
18291
31131
57096
9299
21601
1606
44276
46753
11995
56680
14338
16316
16662
48718
39789
57927
10663
4872
12646
3218
26698
50171
31712
43945
30808
24686
63666
42456
62693
50884
14373
46827
49494
41602
45610
4324
57863
24238
8367
11686
24207
64108
20994
7625
20908
21187
50804
28264
1265
24789
9548
55224
26493
63055
57374
10379
21046
9306
50717
62519
20700
37437
62384
4214
12450
6792
27558
56416
31347
30201
50928
2203
35746
5375
9272
24481
62154
31150
51765
5063
33652
65189
35947
56241
41151
29146
51819
42383
10566
57098
1005
43420
17361
21110
14449
60915
53356
58460
13732
60461
11170
34364
15653
36231
11431
32397
1574
28699
13096
19662
41655
47020
51349
34960
41157
10921
54107
51375
21798
10429
56003
30419
26779
1979
4210
50284
56560
32301
8962
33861
2140
9340
39918
7259
49250
28410
17643
57769
47334
18454
50432
10435
10520
6904
1986
64756
7111
26671
47133
31344
33922
10194
65301
4350
46127
19216
7613
47590
6039
43725
25294
20418
7695
58805
24472
32708
42754
61087
18588
9199
41056
59443
47841
35606
26215
64752
991
14488
40132
1827
52573
53388
23203
29515
11386
12336
44030
62731
31301
31726
15377
37802
45126
13865
60417
43759
56145
9017
44855
45262
24052
57571
8582
37763
29045
6454
23422
3859
35757
11213
54383
26798
61449
899
182
4734
54964
43977
31590
5962
52347
38490
11677
6943
31955
33358
8306
51550
13256
40587
41645
49436
31587
64985
42380
19258
9804
20607
48602
14829
29495
18577
62805
23597
16816
10539
34056
37030
19373
68
